image_width: 1280
image_height: 1024
camera_name: ueye
camera_matrix:
  rows: 3
  cols: 3
  data: [684.226049, 0.000000, 631.787594, 0.000000, 684.226049, 530.747136, 0.000000, 0.000000, 1.000000]
distortion_model: plumb_bob
distortion_coefficients:
  rows: 1
  cols: 5
  data: [-0.095152, 0.083434, -0.000845, -0.000969, -0.026083]
rectification_matrix:
  rows: 3
  cols: 3
  data: [1.000000, 0.000000, 0.000000, 0.000000, 1.000000, 0.000000, 0.000000, 0.000000, 1.000000]
projection_matrix:
  rows: 3
  cols: 4
  data: [658.598999, 0.000000, 629.756566, 0.000000, 0.000000, 661.972778, 530.235302, 0.000000, 0.000000, 0.000000, 1.000000, 0.000000]